202
1
1
1
1
208
1
1
1
1
190
1
1
1
208
1
1
1
1
211
1
146
1
151
1
153
1
1
1
1
1
1
1
1
1
1
1
1
1
1
331
1
78
1
1
1
1
1
211
1
211
1
211
1
211
1
211
1
211
1
211
1
211
1
211
1
108
1
1
211
1
18
1
203
1
1
209
1
243
1
1
63
1
1
1
1
1
1
1
1
1
1
1
1
1
1
1
1
1
1
1
1
1
1
1
0
1
1
1
1
196
1
15
1
1
138
1
1
123
1
1
114
1
1
48
1
1
78
1
1
63
1
1
209
1
108
1
1
48
1
1
211
1
211
1
196
1
191
1
153
1
1
192
1
184
1
1
181
1
121
1
63
1
1
18
1
1
226
1
571
1
211
1
256
1
271
1
256
1
256
1
241
1
181
1
196
1
159
1
1
196
1
196
1
181
1
1
1
1
241
1
240
1
1
195
1
316
1
1
1
1
1
1
1
1
1
1
1
1
1
1
1
1
